short_term,long_term,price_range,amp_window,increase_holding,decrease_holding,amp_lo_threshold,amp_hi_threshold,mse_threshold,Train r2,Val r2,Test r2,Train RMSE,Val RMSE,Test RMSE,Train MAPE,Val MAPE,Test MAPE,Time,CV r2
6.0,50.0,7.0,150.0,250.0,250.0,15.0,0.5,0.04,,-1.8839791032929745,-0.8440845957110638,,,,,,,,-2.5808267656538315
10.0,35.0,10.0,150.0,250.0,4000.0,5.0,0.5,0.04,,-0.19312686281009428,-0.9121017786761864,,,,,,,,-1.5690069820501766
6.0,15.0,3.0,150.0,4000.0,250.0,15.0,0.5,0.005,,-5.865425982702326,-4.94116240950438,,,,,,,,-4.718458839498572
6.0,35.0,10.0,150.0,4000.0,4000.0,5.0,0.5,0.005,,0.0,0.0,,,,,,,,0.0
6.0,35.0,3.0,150.0,4000.0,4000.0,15.0,3.0,0.04,,-8.360975412868374,-7.478579010754768,,,,,,,,-7.3162411551870035
6.0,15.0,10.0,150.0,4000.0,250.0,15.0,3.0,0.005,,0.0,0.0,,,,,,,,0.0
10.0,50.0,10.0,25.0,250.0,250.0,5.0,0.5,0.005,,0.0,0.0,,,,,,,,0.0
10.0,50.0,10.0,150.0,250.0,250.0,15.0,3.0,0.005,,0.0,0.0,,,,,,,,0.0
10.0,15.0,7.0,25.0,4000.0,250.0,5.0,0.5,0.04,,-6.720586462798198,-5.80480222188694,,,,,,,,-5.618843243994456
2.0,50.0,3.0,25.0,4000.0,250.0,5.0,0.5,0.005,,-7.7308489680569314,-7.4164734976892825,,,,,,,,-5.723358332900544
10.0,50.0,3.0,25.0,4000.0,250.0,15.0,0.5,0.005,,-8.39697533328865,-12.273592296092911,,,,,,,,-6.124693525832777
2.0,50.0,3.0,25.0,4000.0,250.0,5.0,3.0,0.005,,-9.919425061383315,-8.465292080984081,,,,,,,,-6.563129413864263
2.0,35.0,3.0,25.0,250.0,4000.0,5.0,0.5,0.04,,-2.874979131186845,-1.7806723970774374,,,,,,,,-2.154631512960242
2.0,35.0,3.0,25.0,250.0,250.0,5.0,0.5,0.005,,-2.874979131186845,-1.7806723970774374,,,,,,,,-2.154631512960242
10.0,15.0,3.0,25.0,4000.0,250.0,5.0,3.0,0.005,,-9.326208270898764,-8.337233148269412,,,,,,,,-6.029905075353215
6.0,50.0,7.0,25.0,4000.0,4000.0,5.0,0.5,0.005,,-3.75735002468059,-2.6267246155767143,,,,,,,,-4.382415686500957
10.0,35.0,3.0,150.0,4000.0,250.0,5.0,0.5,0.04,,0.0,0.0,,,,,,,,0.0
6.0,50.0,7.0,25.0,250.0,4000.0,5.0,3.0,0.04,,1.9921619490618951,-2.3838195692307425,,,,,,,,-2.9630170873689154
10.0,50.0,10.0,25.0,250.0,4000.0,5.0,0.5,0.005,,0.0,0.0,,,,,,,,0.0
2.0,35.0,10.0,25.0,250.0,250.0,5.0,3.0,0.005,,0.0,0.0,,,,,,,,0.0
10.0,50.0,10.0,25.0,250.0,250.0,5.0,3.0,0.04,,-0.1115063698794225,-0.3726669041848102,,,,,,,,-0.25241042190287316
10.0,35.0,10.0,150.0,250.0,250.0,5.0,3.0,0.005,,0.0,0.0,,,,,,,,0.0
10.0,35.0,3.0,25.0,250.0,250.0,15.0,0.5,0.005,,-6.037889196799156,-5.783638696873689,,,,,,,,-5.126009731164528
6.0,50.0,7.0,25.0,4000.0,4000.0,15.0,0.5,0.04,,-11.012427891058708,-1.468619161654979,,,,,,,,-5.537921466842992
10.0,15.0,7.0,150.0,250.0,250.0,15.0,3.0,0.04,,-0.588197059918244,-0.6561418138091132,,,,,,,,-1.733348985463507
6.0,15.0,10.0,150.0,250.0,4000.0,5.0,3.0,0.005,,0.0,0.0,,,,,,,,0.0
10.0,50.0,10.0,150.0,4000.0,250.0,15.0,3.0,0.04,,-10.292770310606993,-8.02647287175685,,,,,,,,-5.5130204252344095
2.0,50.0,10.0,150.0,4000.0,250.0,15.0,0.5,0.005,,0.0,0.0,,,,,,,,0.0
6.0,15.0,7.0,150.0,4000.0,250.0,5.0,0.5,0.04,,-3.0985577343311466,-6.634360531683053,,,,,,,,-6.046602629873318
10.0,15.0,10.0,150.0,4000.0,4000.0,15.0,0.5,0.005,,0.0,0.0,,,,,,,,0.0
6.0,35.0,3.0,150.0,250.0,4000.0,5.0,0.5,0.005,,0.0,0.0,,,,,,,,0.0
10.0,35.0,3.0,150.0,4000.0,4000.0,15.0,3.0,0.005,,-8.523466297606445,-8.328512472812172,,,,,,,,-7.14823940129884
2.0,15.0,10.0,150.0,250.0,4000.0,15.0,3.0,0.005,,0.0,0.0,,,,,,,,0.0
2.0,50.0,3.0,25.0,4000.0,4000.0,15.0,0.5,0.04,,-10.495072825528105,-7.653124573731443,,,,,,,,-5.9708614282775745
2.0,15.0,7.0,25.0,250.0,250.0,15.0,3.0,0.005,,-0.02432120411922223,-0.0379594365955139,,,,,,,,0.0006812327330476903
6.0,35.0,10.0,25.0,250.0,4000.0,15.0,0.5,0.005,,0.0,0.0,,,,,,,,0.0
10.0,50.0,3.0,150.0,250.0,250.0,15.0,0.5,0.005,,-2.011408962777409,-3.9665112792793638,,,,,,,,-3.1111547568883524
10.0,15.0,3.0,25.0,250.0,4000.0,5.0,3.0,0.005,,-1.8070751045572604,-8.15465490231786,,,,,,,,-5.880089126911639
10.0,15.0,7.0,25.0,250.0,250.0,15.0,3.0,0.04,,-0.3238623730805055,-0.8111591800182287,,,,,,,,-0.5390088733916194
10.0,50.0,7.0,25.0,4000.0,4000.0,15.0,3.0,0.04,,-0.9235672267926676,-4.357218542844064,,,,,,,,-3.4726139269989296
2.0,35.0,3.0,25.0,250.0,250.0,5.0,3.0,0.04,,-1.0740664038540082,-0.7688304900094016,,,,,,,,-1.28029158118329
6.0,35.0,10.0,25.0,250.0,4000.0,5.0,3.0,0.04,,-4.7447644915891924,-3.885704858450894,,,,,,,,-3.1885552909638912
6.0,35.0,10.0,150.0,4000.0,4000.0,15.0,3.0,0.005,,0.0,0.0,,,,,,,,0.0
10.0,15.0,10.0,25.0,250.0,4000.0,5.0,3.0,0.005,,0.0,0.0,,,,,,,,0.0
10.0,50.0,10.0,150.0,250.0,250.0,5.0,3.0,0.005,,0.0,0.0,,,,,,,,0.0
2.0,50.0,7.0,25.0,250.0,4000.0,5.0,3.0,0.04,,1.8167322354541202,-2.504837336005547,,,,,,,,-3.3682016650401616
6.0,50.0,3.0,150.0,4000.0,4000.0,15.0,0.5,0.04,,-9.76372654885099,-8.844627777396662,,,,,,,,-7.68085837859272
2.0,50.0,10.0,25.0,4000.0,4000.0,5.0,3.0,0.04,,-4.1195235635278795,-4.346620939871588,,,,,,,,-3.1183999373842797
6.0,35.0,7.0,25.0,4000.0,250.0,15.0,3.0,0.005,,-0.02432120411922223,-0.0379594365955139,,,,,,,,-0.4449790168703215
2.0,50.0,10.0,25.0,250.0,250.0,5.0,0.5,0.04,,-0.8362920581759208,-1.070793805765757,,,,,,,,-2.3061871801121905
2.0,35.0,3.0,25.0,4000.0,250.0,5.0,0.5,0.005,,-8.654276526447397,-7.1297823303813255,,,,,,,,-6.500390904398396
10.0,50.0,3.0,25.0,4000.0,4000.0,5.0,3.0,0.005,,-8.975306042735925,-7.847528873327136,,,,,,,,-7.653356610075235
2.0,15.0,10.0,150.0,250.0,250.0,5.0,0.5,0.04,,-0.19312686281009428,-1.0431959692382535,,,,,,,,-1.3777686319164038
10.0,50.0,7.0,25.0,4000.0,4000.0,15.0,0.5,0.04,,-11.804717001736282,-2.2623585305212175,,,,,,,,-6.156966372620278
2.0,50.0,3.0,150.0,250.0,4000.0,15.0,3.0,0.005,,-1.951779103756505,-3.0956532921215727,,,,,,,,-3.0306955915018783
2.0,15.0,10.0,150.0,250.0,4000.0,5.0,0.5,0.005,,0.0,0.0,,,,,,,,0.0
10.0,35.0,3.0,25.0,250.0,4000.0,5.0,0.5,0.005,,-3.195996244426892,-3.3974645791516997,,,,,,,,-2.8377388083617268
2.0,35.0,10.0,25.0,250.0,4000.0,5.0,3.0,0.04,,-4.7447644915891924,-3.8230117930299605,,,,,,,,-3.1649393154246677
10.0,35.0,10.0,150.0,4000.0,4000.0,15.0,0.5,0.04,,-8.837830299281261,-8.996025468087275,,,,,,,,-6.070846799404436
6.0,35.0,10.0,25.0,4000.0,4000.0,5.0,3.0,0.04,,-3.952434211614089,-5.250031024727647,,,,,,,,-3.1830856723138075
2.0,50.0,3.0,25.0,250.0,250.0,15.0,3.0,0.005,,-3.5730473485482372,-3.937214321806326,,,,,,,,-4.291348517529167
10.0,35.0,10.0,25.0,250.0,4000.0,5.0,3.0,0.005,,0.0,0.0,,,,,,,,0.0
2.0,35.0,3.0,25.0,4000.0,250.0,5.0,3.0,0.04,,-6.234293446874812,-6.283847251209981,,,,,,,,-4.7947776731701905
10.0,50.0,7.0,25.0,4000.0,4000.0,15.0,3.0,0.005,,-0.3708983628181377,-0.5883712672304664,,,,,,,,-0.02260941457283496
6.0,35.0,7.0,150.0,250.0,4000.0,5.0,0.5,0.04,,-0.2498122094348335,-0.7750405005324774,,,,,,,,-1.1403811703758515
2.0,15.0,10.0,25.0,4000.0,4000.0,15.0,0.5,0.005,,0.0,0.0,,,,,,,,0.0
6.0,15.0,10.0,150.0,4000.0,4000.0,5.0,0.5,0.005,,0.0,0.0,,,,,,,,0.0
2.0,50.0,3.0,150.0,250.0,4000.0,5.0,3.0,0.04,,0.0,0.0,,,,,,,,0.0
10.0,15.0,7.0,25.0,250.0,4000.0,15.0,0.5,0.005,,-0.24638360817577634,-0.16946610423075564,,,,,,,,-0.1754414460030406
6.0,50.0,7.0,150.0,250.0,250.0,5.0,3.0,0.04,,-0.2498122094348335,-0.7750405005324774,,,,,,,,-1.1850116513301034
6.0,35.0,7.0,25.0,4000.0,4000.0,15.0,3.0,0.04,,-1.184798226912438,-2.7556252846091764,,,,,,,,-2.94467584255424
6.0,50.0,7.0,25.0,4000.0,4000.0,5.0,3.0,0.04,,-0.049662366852440076,-3.260181273603975,,,,,,,,-2.664520503607137
2.0,50.0,10.0,25.0,250.0,250.0,15.0,0.5,0.04,,-1.067950046460083,-0.8453382389427093,,,,,,,,-2.3101155308734915
10.0,50.0,3.0,25.0,4000.0,4000.0,15.0,0.5,0.005,,-8.39697533328865,-12.273592296092911,,,,,,,,-6.124693525832777
2.0,15.0,3.0,25.0,4000.0,4000.0,5.0,0.5,0.005,,-9.466790817105432,-8.216186753385028,,,,,,,,-6.469606732276764
2.0,15.0,10.0,150.0,4000.0,4000.0,5.0,0.5,0.04,,-2.845731474976127,-6.621913702446172,,,,,,,,-5.197227869555208
10.0,50.0,7.0,150.0,250.0,250.0,15.0,0.5,0.005,,-0.24638360817577634,-0.16946610423075564,,,,,,,,-0.3805542482286832
2.0,50.0,7.0,25.0,4000.0,250.0,15.0,3.0,0.04,,-8.538977388790393,-1.5502319821738704,,,,,,,,-4.249220749204554
2.0,15.0,3.0,150.0,250.0,250.0,5.0,3.0,0.005,,0.0,0.0,,,,,,,,0.0
10.0,15.0,7.0,25.0,4000.0,250.0,5.0,0.5,0.005,,-3.75735002468059,-2.6267246155767143,,,,,,,,-2.816803748323259
10.0,50.0,3.0,25.0,250.0,250.0,15.0,0.5,0.04,,-6.454669690952718,-6.114822763687792,,,,,,,,-5.228596591256066
10.0,50.0,10.0,150.0,4000.0,250.0,5.0,3.0,0.04,,-2.8065634035126936,-6.4998326385135385,,,,,,,,-4.8258659603420035
6.0,35.0,7.0,25.0,250.0,250.0,5.0,0.5,0.005,,-0.24638360817577634,-0.16946610423075564,,,,,,,,-0.29733225645284683
10.0,50.0,7.0,25.0,250.0,250.0,15.0,3.0,0.005,,-0.02432120411922223,-0.0379594365955139,,,,,,,,-0.0042128627868269234
6.0,50.0,10.0,25.0,250.0,4000.0,15.0,0.5,0.005,,0.0,0.0,,,,,,,,0.0
10.0,35.0,10.0,150.0,250.0,4000.0,15.0,0.5,0.005,,0.0,0.0,,,,,,,,0.0
10.0,35.0,10.0,25.0,4000.0,250.0,5.0,3.0,0.005,,0.0,0.0,,,,,,,,0.0
2.0,15.0,7.0,25.0,250.0,250.0,15.0,3.0,0.04,,0.015258968683858454,-0.49248090886865387,,,,,,,,-0.261209073625654
6.0,50.0,3.0,25.0,4000.0,4000.0,5.0,0.5,0.04,,-7.7304883958305215,-11.323025646225114,,,,,,,,-5.830034863553055
10.0,35.0,10.0,25.0,250.0,4000.0,15.0,0.5,0.005,,0.0,0.0,,,,,,,,0.0
2.0,15.0,10.0,25.0,4000.0,4000.0,5.0,3.0,0.005,,0.0,0.0,,,,,,,,0.0
6.0,35.0,3.0,150.0,4000.0,250.0,5.0,0.5,0.005,,0.0,0.0,,,,,,,,0.0
2.0,35.0,10.0,25.0,4000.0,4000.0,5.0,0.5,0.005,,0.0,0.0,,,,,,,,0.0
10.0,15.0,3.0,150.0,4000.0,4000.0,15.0,3.0,0.005,,-7.998295788997557,-5.733628646907437,,,,,,,,-4.934586057342993
10.0,15.0,3.0,150.0,250.0,250.0,5.0,3.0,0.04,,0.0,0.0,,,,,,,,0.0
6.0,50.0,7.0,150.0,250.0,250.0,15.0,0.5,0.005,,-0.24638360817577634,-0.16946610423075564,,,,,,,,-0.3805542482286832
2.0,50.0,10.0,25.0,4000.0,250.0,15.0,0.5,0.005,,0.0,0.0,,,,,,,,0.0
6.0,15.0,7.0,25.0,4000.0,250.0,5.0,3.0,0.04,,-4.150945434889318,-0.21628328090728743,,,,,,,,-2.017843182329451
2.0,15.0,10.0,150.0,250.0,4000.0,15.0,0.5,0.005,,0.0,0.0,,,,,,,,0.0
10.0,35.0,7.0,25.0,250.0,250.0,5.0,3.0,0.005,,-0.02432120411922223,-0.0379594365955139,,,,,,,,-0.014881102346664923
10.0,15.0,10.0,150.0,250.0,4000.0,5.0,0.5,0.005,,0.0,0.0,,,,,,,,0.0
6.0,15.0,7.0,150.0,4000.0,250.0,15.0,0.5,0.04,,-5.63115404686295,-6.08346459835613,,,,,,,,-4.8602523403621065
10.0,15.0,3.0,150.0,250.0,4000.0,5.0,3.0,0.005,,0.0,0.0,,,,,,,,0.0
10.0,35.0,7.0,25.0,250.0,250.0,15.0,3.0,0.04,,-0.38399613364598645,-0.7646407887947559,,,,,,,,-0.5739196226438094
6.0,35.0,10.0,25.0,4000.0,250.0,15.0,3.0,0.005,,0.0,0.0,,,,,,,,0.0
10.0,35.0,7.0,150.0,250.0,250.0,5.0,3.0,0.04,,-0.2498122094348335,-0.7750405005324774,,,,,,,,-1.1850116513301034
6.0,15.0,7.0,25.0,4000.0,250.0,5.0,0.5,0.005,,-3.75735002468059,-2.6267246155767143,,,,,,,,-2.908234751388726
2.0,35.0,3.0,150.0,250.0,250.0,5.0,3.0,0.005,,0.0,0.0,,,,,,,,0.0
6.0,50.0,7.0,25.0,250.0,4000.0,15.0,3.0,0.005,,-0.3708983628181377,-0.5883712672304664,,,,,,,,-0.14181974222177493
6.0,15.0,3.0,150.0,4000.0,4000.0,15.0,0.5,0.04,,-5.865425982702326,-4.94116240950438,,,,,,,,-4.718458839498572
6.0,50.0,7.0,150.0,250.0,4000.0,15.0,0.5,0.04,,-1.8839791032929745,-0.8440845957110638,,,,,,,,-2.5808267656538315
2.0,35.0,10.0,150.0,250.0,250.0,5.0,3.0,0.005,,0.0,0.0,,,,,,,,0.0
6.0,15.0,10.0,25.0,250.0,250.0,15.0,0.5,0.005,,0.0,0.0,,,,,,,,0.0
10.0,50.0,3.0,150.0,4000.0,250.0,5.0,3.0,0.005,,0.0,0.0,,,,,,,,0.0
2.0,50.0,3.0,150.0,4000.0,4000.0,5.0,0.5,0.04,,0.0,0.0,,,,,,,,0.0
2.0,50.0,3.0,150.0,4000.0,4000.0,5.0,3.0,0.04,,0.0,0.0,,,,,,,,0.0
10.0,15.0,7.0,150.0,4000.0,250.0,15.0,3.0,0.005,,-3.75735002468059,-2.6267246155767143,,,,,,,,-2.816803748323259
2.0,50.0,3.0,150.0,4000.0,250.0,15.0,3.0,0.04,,-8.724168227015902,-8.152910298764828,,,,,,,,-6.590322112167075
2.0,50.0,3.0,25.0,4000.0,250.0,15.0,0.5,0.005,,-10.495072825528105,-7.653124573731443,,,,,,,,-5.9708614282775745
2.0,15.0,10.0,25.0,4000.0,250.0,5.0,3.0,0.04,,-2.6005297444115887,-5.284277282527832,,,,,,,,-2.6230601557522015
2.0,35.0,7.0,150.0,4000.0,4000.0,15.0,3.0,0.04,,-11.514865132071712,-3.2197926454683907,,,,,,,,-5.444917012845222
10.0,35.0,10.0,25.0,250.0,4000.0,5.0,0.5,0.04,,-0.6125818141510463,-1.253584252956502,,,,,,,,-2.129271016937669
10.0,15.0,10.0,25.0,250.0,250.0,5.0,3.0,0.005,,0.0,0.0,,,,,,,,0.0
2.0,35.0,10.0,25.0,4000.0,250.0,5.0,3.0,0.04,,-2.9575983808440744,-1.6293597067518113,,,,,,,,-3.312265140738236
10.0,35.0,10.0,25.0,4000.0,4000.0,15.0,3.0,0.04,,-2.161554103586007,-1.8683679090402623,,,,,,,,-1.7587780076624717
10.0,35.0,10.0,25.0,4000.0,250.0,15.0,3.0,0.005,,0.0,0.0,,,,,,,,0.0
6.0,50.0,10.0,150.0,4000.0,250.0,15.0,0.5,0.005,,0.0,0.0,,,,,,,,0.0
10.0,50.0,3.0,25.0,250.0,4000.0,15.0,3.0,0.04,,-2.5042110104777917,-1.635987185690209,,,,,,,,-5.513409733833861
6.0,35.0,10.0,150.0,4000.0,4000.0,5.0,3.0,0.04,,-2.8065634035126936,-3.1818617599341534,,,,,,,,-4.1744537747495425
6.0,35.0,3.0,150.0,4000.0,4000.0,15.0,0.5,0.005,,-8.360975412868374,-7.478579010754768,,,,,,,,-7.3162411551870035
6.0,50.0,10.0,25.0,250.0,250.0,5.0,3.0,0.005,,0.0,0.0,,,,,,,,0.0
6.0,15.0,3.0,25.0,4000.0,4000.0,15.0,3.0,0.04,,-4.541858720158309,-4.922686472471637,,,,,,,,-4.77200577527775
2.0,35.0,7.0,150.0,4000.0,4000.0,15.0,3.0,0.005,,-3.75735002468059,-2.6267246155767143,,,,,,,,-4.197141071939446
6.0,50.0,10.0,150.0,250.0,250.0,15.0,0.5,0.005,,0.0,0.0,,,,,,,,0.0
6.0,15.0,7.0,150.0,4000.0,250.0,5.0,3.0,0.005,,-3.75735002468059,0.0,,,,,,,,-2.41777605394585
10.0,50.0,7.0,150.0,4000.0,250.0,5.0,3.0,0.005,,-3.75735002468059,0.0,,,,,,,,-2.41777605394585
10.0,50.0,10.0,150.0,4000.0,250.0,15.0,0.5,0.005,,0.0,0.0,,,,,,,,0.0
6.0,50.0,3.0,25.0,4000.0,4000.0,15.0,0.5,0.005,,-9.29808612823728,-13.108856958408783,,,,,,,,-5.831731477342787
10.0,15.0,10.0,150.0,4000.0,4000.0,5.0,0.5,0.005,,0.0,0.0,,,,,,,,0.0
10.0,50.0,10.0,150.0,4000.0,4000.0,5.0,3.0,0.005,,0.0,0.0,,,,,,,,0.0
6.0,15.0,3.0,25.0,250.0,250.0,5.0,3.0,0.005,,-0.98193160523034,-1.0204460505018114,,,,,,,,-0.9738485313303599
6.0,35.0,3.0,150.0,250.0,250.0,5.0,3.0,0.04,,0.0,0.0,,,,,,,,0.0
6.0,50.0,10.0,150.0,250.0,250.0,15.0,3.0,0.005,,0.0,0.0,,,,,,,,0.0
2.0,50.0,10.0,150.0,250.0,4000.0,15.0,3.0,0.04,,-0.5908996357461014,-1.244902409888339,,,,,,,,-0.6570303822297114
10.0,50.0,7.0,25.0,250.0,4000.0,15.0,3.0,0.005,,-0.3708983628181377,-0.5883712672304664,,,,,,,,-0.14181974222177493
6.0,15.0,10.0,25.0,250.0,250.0,5.0,0.5,0.005,,0.0,0.0,,,,,,,,0.0
6.0,50.0,7.0,150.0,250.0,4000.0,15.0,3.0,0.04,,-1.8839791032929745,-0.8440845957110638,,,,,,,,-2.679413765591102
10.0,35.0,3.0,150.0,250.0,250.0,15.0,3.0,0.04,,-1.9279074991807201,-3.98033122011441,,,,,,,,-3.2319107408030505
2.0,50.0,3.0,150.0,250.0,250.0,5.0,0.5,0.04,,0.0,0.0,,,,,,,,0.0
2.0,15.0,10.0,25.0,4000.0,250.0,5.0,3.0,0.005,,0.0,0.0,,,,,,,,0.0
2.0,35.0,3.0,150.0,250.0,4000.0,15.0,0.5,0.04,,-1.715460591703363,-3.08780297137566,,,,,,,,-2.9960950258636485
6.0,35.0,7.0,25.0,250.0,4000.0,15.0,0.5,0.04,,-2.2756943732711497,-1.198272407236829,,,,,,,,-2.789986048018317
10.0,35.0,7.0,150.0,4000.0,250.0,5.0,0.5,0.04,,-3.9056899472066844,-6.459953570001152,,,,,,,,-5.884229648045251
2.0,35.0,10.0,25.0,250.0,250.0,5.0,3.0,0.04,,-0.33928431024580946,-0.29712641916591975,,,,,,,,-0.25341423413008946
10.0,35.0,7.0,25.0,250.0,4000.0,5.0,3.0,0.04,,-0.8420770329593315,-4.550765318083011,,,,,,,,-3.053408588907616
6.0,15.0,3.0,150.0,4000.0,4000.0,5.0,0.5,0.005,,0.0,0.0,,,,,,,,0.0
10.0,35.0,10.0,150.0,4000.0,4000.0,15.0,3.0,0.005,,0.0,0.0,,,,,,,,0.0
6.0,15.0,7.0,25.0,250.0,250.0,15.0,0.5,0.005,,-0.24638360817577634,-0.16946610423075564,,,,,,,,-0.24692272735802479
2.0,35.0,7.0,25.0,4000.0,4000.0,5.0,3.0,0.04,,-1.9781494162114308,-2.445384980070624,,,,,,,,-2.6233197085000137
2.0,50.0,3.0,25.0,4000.0,4000.0,15.0,0.5,0.005,,-10.495072825528105,-7.653124573731443,,,,,,,,-5.9708614282775745
2.0,35.0,3.0,25.0,250.0,4000.0,5.0,3.0,0.005,,-1.6727266230810276,-0.7218417583117347,,,,,,,,-2.2071469830579713
2.0,50.0,7.0,150.0,250.0,250.0,5.0,3.0,0.04,,-0.2498122094348335,-0.7750405005324774,,,,,,,,-1.2971201572891276
6.0,50.0,7.0,150.0,250.0,250.0,5.0,3.0,0.005,,-0.24638360817577634,0.0,,,,,,,,-0.16417794855555443
10.0,35.0,10.0,25.0,250.0,4000.0,15.0,3.0,0.005,,0.0,0.0,,,,,,,,0.0
10.0,50.0,3.0,150.0,4000.0,250.0,5.0,3.0,0.04,,0.0,0.0,,,,,,,,0.0
2.0,35.0,10.0,150.0,250.0,250.0,5.0,0.5,0.005,,0.0,0.0,,,,,,,,0.0
2.0,15.0,7.0,150.0,4000.0,4000.0,15.0,3.0,0.04,,-5.63115404686295,-6.048913067265599,,,,,,,,-4.782690776012833
2.0,50.0,10.0,25.0,250.0,250.0,15.0,0.5,0.005,,0.0,0.0,,,,,,,,0.0
6.0,15.0,10.0,25.0,250.0,250.0,15.0,3.0,0.005,,0.0,0.0,,,,,,,,0.0
6.0,35.0,7.0,150.0,250.0,250.0,5.0,3.0,0.005,,-0.24638360817577634,0.0,,,,,,,,-0.16417794855555443
10.0,35.0,3.0,150.0,4000.0,4000.0,5.0,3.0,0.04,,0.0,0.0,,,,,,,,0.0
6.0,35.0,10.0,150.0,250.0,4000.0,5.0,3.0,0.04,,-0.1863649678616708,-1.2861917678580912,,,,,,,,-0.6165473415331086
2.0,15.0,10.0,25.0,250.0,4000.0,5.0,0.5,0.04,,-0.13230614570079569,-1.6445023438485096,,,,,,,,-1.6610533129701175
2.0,15.0,10.0,150.0,4000.0,4000.0,5.0,3.0,0.005,,0.0,0.0,,,,,,,,0.0
2.0,15.0,7.0,25.0,250.0,250.0,5.0,0.5,0.04,,-0.838268540244953,-1.6486508934671549,,,,,,,,-2.029052249136381
6.0,15.0,7.0,150.0,4000.0,4000.0,5.0,0.5,0.005,,-3.75735002468059,0.0,,,,,,,,-2.41777605394585
10.0,15.0,7.0,25.0,4000.0,250.0,5.0,3.0,0.04,,-5.007371109811066,-1.8176311022719485,,,,,,,,-2.3161715087552386
2.0,50.0,3.0,25.0,250.0,4000.0,15.0,0.5,0.04,,-6.012770237211419,-4.37158086766211,,,,,,,,-4.799024648077877
2.0,15.0,3.0,150.0,250.0,4000.0,15.0,3.0,0.005,,-1.5330035707451501,-1.9436213177635466,,,,,,,,-2.413069468617358
10.0,35.0,10.0,150.0,250.0,4000.0,5.0,3.0,0.005,,0.0,0.0,,,,,,,,0.0
2.0,35.0,7.0,25.0,4000.0,250.0,15.0,3.0,0.005,,-0.02432120411922223,-0.0379594365955139,,,,,,,,-0.4449790168703215
10.0,15.0,10.0,150.0,250.0,4000.0,15.0,0.5,0.005,,0.0,0.0,,,,,,,,0.0
10.0,35.0,7.0,25.0,250.0,4000.0,5.0,3.0,0.005,,-0.3708983628181377,-0.5883712672304664,,,,,,,,-0.15453268455557967
6.0,35.0,7.0,25.0,250.0,4000.0,5.0,3.0,0.005,,-0.3708983628181377,-0.5883712672304664,,,,,,,,-0.17461625509504955
10.0,35.0,7.0,25.0,250.0,250.0,15.0,0.5,0.04,,-2.153184730164206,-1.1435560299948615,,,,,,,,-2.7438737140218303
2.0,50.0,3.0,150.0,4000.0,4000.0,15.0,0.5,0.04,,-8.724168227015902,-8.152910298764828,,,,,,,,-6.590322112167075
6.0,15.0,10.0,25.0,250.0,4000.0,15.0,0.5,0.04,,-0.18988502567453416,-1.3695616601764788,,,,,,,,-1.7142249226884645
10.0,50.0,7.0,150.0,4000.0,250.0,15.0,0.5,0.005,,-3.75735002468059,-2.6267246155767143,,,,,,,,-4.382415686500957
2.0,35.0,10.0,150.0,250.0,4000.0,5.0,3.0,0.005,,0.0,0.0,,,,,,,,0.0
6.0,50.0,10.0,25.0,250.0,4000.0,15.0,0.5,0.04,,-1.107405208516111,-0.9180008088425781,,,,,,,,-2.2571052194530297
6.0,50.0,10.0,25.0,4000.0,4000.0,15.0,3.0,0.005,,0.0,0.0,,,,,,,,0.0
6.0,35.0,10.0,25.0,250.0,250.0,5.0,3.0,0.04,,-0.33928431024580946,-0.4309463592374457,,,,,,,,-0.311211356101523
2.0,35.0,10.0,25.0,250.0,250.0,15.0,3.0,0.04,,-0.45271828385536106,-0.5108128856529626,,,,,,,,-0.29170142284785416
10.0,15.0,10.0,150.0,4000.0,250.0,15.0,3.0,0.04,,-1.0505688276899163,-6.13651864106909,,,,,,,,-4.572616823024971
6.0,15.0,7.0,150.0,4000.0,250.0,15.0,3.0,0.005,,-3.75735002468059,-2.6267246155767143,,,,,,,,-2.908234751388726
10.0,15.0,7.0,25.0,4000.0,4000.0,15.0,3.0,0.005,,-0.3708983628181377,-0.5883712672304664,,,,,,,,-1.6534654416964158
6.0,15.0,3.0,150.0,4000.0,4000.0,5.0,3.0,0.005,,0.0,0.0,,,,,,,,0.0
6.0,35.0,3.0,150.0,250.0,4000.0,5.0,0.5,0.04,,0.0,0.0,,,,,,,,0.0
10.0,50.0,7.0,150.0,4000.0,250.0,5.0,0.5,0.005,,-3.75735002468059,0.0,,,,,,,,-2.41777605394585
10.0,15.0,10.0,150.0,250.0,250.0,5.0,3.0,0.005,,0.0,0.0,,,,,,,,0.0
10.0,15.0,7.0,25.0,250.0,250.0,5.0,0.5,0.04,,-0.861088416708587,-1.2607875457902615,,,,,,,,-1.6607587049887602
2.0,15.0,7.0,25.0,250.0,4000.0,15.0,0.5,0.005,,-0.24638360817577634,-0.16946610423075564,,,,,,,,-0.33866134340363596
2.0,15.0,3.0,25.0,250.0,250.0,5.0,3.0,0.005,,-0.964707769935598,-0.84708821963424,,,,,,,,-1.170998510255084
2.0,15.0,3.0,25.0,4000.0,4000.0,15.0,0.5,0.005,,-6.047211520708686,-6.330667163444616,,,,,,,,-6.074391102398359
2.0,50.0,10.0,25.0,4000.0,4000.0,15.0,3.0,0.005,,0.0,0.0,,,,,,,,0.0
6.0,15.0,3.0,25.0,4000.0,4000.0,15.0,0.5,0.005,,-9.250370024871065,-4.441318625765396,,,,,,,,-5.450749338398166
6.0,35.0,7.0,25.0,4000.0,4000.0,15.0,0.5,0.005,,-3.75735002468059,-2.6267246155767143,,,,,,,,-4.242934601865332
2.0,15.0,7.0,25.0,250.0,4000.0,15.0,3.0,0.04,,-0.7984060997949021,-4.037271580730948,,,,,,,,-2.3143124349849304
6.0,35.0,10.0,25.0,4000.0,4000.0,5.0,3.0,0.005,,0.0,0.0,,,,,,,,0.0
2.0,15.0,10.0,25.0,250.0,4000.0,15.0,3.0,0.005,,0.0,0.0,,,,,,,,0.0
6.0,50.0,7.0,25.0,250.0,250.0,5.0,3.0,0.005,,-0.02432120411922223,-0.0379594365955139,,,,,,,,-0.014881102346664923
2.0,35.0,10.0,25.0,4000.0,4000.0,15.0,3.0,0.005,,0.0,0.0,,,,,,,,0.0
10.0,15.0,10.0,150.0,250.0,250.0,15.0,3.0,0.04,,-0.11249653838933438,-0.8585595116905054,,,,,,,,-0.9935898524011112
6.0,50.0,10.0,25.0,4000.0,250.0,15.0,0.5,0.04,,-7.500612073777548,-6.490329667008678,,,,,,,,-4.965121958782238
2.0,50.0,10.0,25.0,4000.0,4000.0,5.0,0.5,0.04,,-7.56821481037807,-6.175077333953183,,,,,,,,-5.650272507270835
2.0,50.0,10.0,25.0,250.0,4000.0,5.0,0.5,0.04,,-0.8362920581759208,-1.070793805765757,,,,,,,,-2.3061871801121905
2.0,35.0,10.0,25.0,250.0,250.0,5.0,0.5,0.005,,0.0,0.0,,,,,,,,0.0
2.0,15.0,10.0,25.0,4000.0,4000.0,15.0,3.0,0.04,,-6.156890822178713,-2.1742699281195965,,,,,,,,-2.0754603427274803
6.0,50.0,3.0,150.0,250.0,250.0,5.0,0.5,0.005,,0.0,0.0,,,,,,,,0.0
2.0,15.0,10.0,150.0,4000.0,4000.0,15.0,3.0,0.04,,-1.0049986179228092,-4.909366838650429,,,,,,,,-3.9575030095179793
10.0,35.0,3.0,150.0,250.0,250.0,5.0,0.5,0.04,,0.0,0.0,,,,,,,,0.0
2.0,15.0,7.0,25.0,4000.0,250.0,15.0,0.5,0.005,,-3.75735002468059,-2.6267246155767143,,,,,,,,-4.242934601865332
2.0,50.0,10.0,25.0,250.0,250.0,15.0,3.0,0.04,,-0.4637765394470926,-0.5108128856529626,,,,,,,,-0.2958231940000027
2.0,15.0,3.0,25.0,250.0,250.0,15.0,0.5,0.04,,-2.2666839673111365,-3.653115341083162,,,,,,,,-3.573952447929861
2.0,15.0,10.0,25.0,4000.0,250.0,15.0,3.0,0.005,,0.0,0.0,,,,,,,,0.0
2.0,15.0,10.0,25.0,250.0,250.0,5.0,3.0,0.04,,-0.5380068429847974,-0.08676447165174161,,,,,,,,-0.13184212156786762
6.0,35.0,7.0,150.0,250.0,4000.0,15.0,0.5,0.04,,-1.7096450550142335,-0.7447255782683799,,,,,,,,-2.4448139165221705
10.0,15.0,10.0,25.0,250.0,4000.0,5.0,0.5,0.04,,-0.13230614570079569,-1.7475221943102426,,,,,,,,-1.8014320759821616
10.0,50.0,7.0,150.0,4000.0,4000.0,5.0,0.5,0.04,,-3.9056899472066844,-6.459953570001152,,,,,,,,-6.113492727181917
10.0,35.0,3.0,25.0,4000.0,4000.0,15.0,0.5,0.04,,-11.709336390904014,-10.044377341342297,,,,,,,,-7.599533976433858
6.0,35.0,10.0,150.0,250.0,250.0,5.0,0.5,0.005,,0.0,0.0,,,,,,,,0.0
2.0,50.0,7.0,25.0,4000.0,250.0,5.0,3.0,0.04,,-7.8482869922096565,-1.3127607941328843,,,,,,,,-3.721501337823858
2.0,50.0,10.0,150.0,250.0,4000.0,5.0,0.5,0.04,,-0.19312686281009428,-0.9121017786761864,,,,,,,,-1.4867838397627158
2.0,15.0,7.0,25.0,250.0,4000.0,5.0,3.0,0.04,,-0.7806418808252409,-4.134002485439785,,,,,,,,-2.354219416464571
2.0,15.0,3.0,150.0,4000.0,4000.0,15.0,0.5,0.04,,-5.0152000049206436,-6.739045289848088,,,,,,,,-5.414121599693443
2.0,15.0,3.0,25.0,4000.0,250.0,5.0,0.5,0.04,,-9.466790817105432,-8.216186753385028,,,,,,,,-6.469606732276764
2.0,15.0,7.0,25.0,250.0,4000.0,5.0,3.0,0.005,,-0.3708983628181377,-0.5883712672304664,,,,,,,,-0.17461625509504955
6.0,50.0,7.0,150.0,4000.0,4000.0,5.0,3.0,0.04,,-3.9056899472066844,-6.459953570001152,,,,,,,,-5.884229648045251
6.0,35.0,3.0,150.0,4000.0,4000.0,5.0,0.5,0.005,,0.0,0.0,,,,,,,,0.0
2.0,15.0,3.0,150.0,4000.0,4000.0,15.0,3.0,0.04,,-5.0152000049206436,-6.739045289848088,,,,,,,,-5.414121599693443
6.0,15.0,3.0,150.0,4000.0,250.0,5.0,0.5,0.005,,0.0,0.0,,,,,,,,0.0
2.0,50.0,7.0,25.0,4000.0,250.0,15.0,0.5,0.04,,-9.458107954479956,-1.6061303017674096,,,,,,,,-4.896251849781071
10.0,35.0,10.0,150.0,250.0,250.0,5.0,0.5,0.04,,-0.19312686281009428,-0.9121017786761864,,,,,,,,-1.5690069820501766
10.0,50.0,10.0,25.0,4000.0,250.0,5.0,3.0,0.04,,-4.954429488590501,-3.1077244687418704,,,,,,,,-3.8606655961073066
2.0,35.0,7.0,25.0,250.0,250.0,15.0,0.5,0.04,,-2.1790357459224174,-1.0152725646027478,,,,,,,,-2.686043261159898
6.0,50.0,10.0,150.0,250.0,4000.0,5.0,0.5,0.04,,-0.19312686281009428,-0.9121017786761864,,,,,,,,-1.5690069820501766
2.0,15.0,3.0,150.0,250.0,4000.0,15.0,0.5,0.04,,-1.5330035707451501,-1.9436213177635466,,,,,,,,-2.413069468617358
10.0,35.0,3.0,25.0,250.0,250.0,15.0,0.5,0.04,,-6.037889196799156,-5.783638696873689,,,,,,,,-5.126009731164528
10.0,35.0,7.0,150.0,4000.0,4000.0,15.0,0.5,0.04,,-6.903865279544783,-2.1164834171916063,,,,,,,,-4.335130404603003
10.0,15.0,3.0,25.0,4000.0,4000.0,5.0,0.5,0.04,,-8.872717295889721,-8.456068342395866,,,,,,,,-4.857689510096007
10.0,50.0,3.0,25.0,250.0,4000.0,15.0,0.5,0.04,,-6.454669690952718,-6.114822763687792,,,,,,,,-5.228596591256066
2.0,15.0,10.0,25.0,4000.0,250.0,15.0,0.5,0.04,,-1.406978164116504,-4.483410165988827,,,,,,,,-4.286706220882882
10.0,50.0,3.0,25.0,4000.0,4000.0,5.0,0.5,0.04,,-7.7304883958305215,-11.968010952674813,,,,,,,,-6.056679470644456
6.0,50.0,10.0,150.0,250.0,250.0,5.0,3.0,0.04,,-0.18611521841825152,-0.26677691032228035,,,,,,,,-0.810242206584544
10.0,15.0,10.0,25.0,250.0,4000.0,15.0,3.0,0.005,,0.0,0.0,,,,,,,,0.0
6.0,15.0,7.0,25.0,4000.0,4000.0,15.0,3.0,0.005,,-0.3708983628181377,-0.5883712672304664,,,,,,,,-0.625483979271813
6.0,50.0,10.0,25.0,4000.0,4000.0,5.0,0.5,0.005,,0.0,0.0,,,,,,,,0.0
6.0,15.0,7.0,25.0,250.0,4000.0,5.0,3.0,0.005,,-0.3708983628181377,-0.5883712672304664,,,,,,,,-0.16209275805613355
10.0,50.0,3.0,150.0,250.0,250.0,15.0,3.0,0.005,,-2.011408962777409,-3.9665112792793638,,,,,,,,-3.1111547568883524
10.0,15.0,7.0,25.0,250.0,4000.0,5.0,3.0,0.005,,-0.3708983628181377,-0.5883712672304664,,,,,,,,-1.4735291535692177
2.0,50.0,3.0,25.0,250.0,4000.0,15.0,3.0,0.04,,-2.2880913239060825,-7.324084997521448,,,,,,,,-4.7484111223346375
10.0,35.0,10.0,150.0,250.0,4000.0,5.0,0.5,0.005,,0.0,0.0,,,,,,,,0.0
2.0,50.0,7.0,25.0,250.0,250.0,15.0,3.0,0.005,,-0.02432120411922223,-0.0379594365955139,,,,,,,,0.0006812327330476903
10.0,35.0,10.0,25.0,250.0,4000.0,15.0,3.0,0.04,,-0.5960691306738002,-1.1501898052930621,,,,,,,,-1.9017405194178345
6.0,50.0,3.0,25.0,4000.0,4000.0,5.0,0.5,0.005,,-7.7304883958305215,-11.323025646225114,,,,,,,,-5.830034863553055
10.0,35.0,7.0,150.0,250.0,250.0,5.0,0.5,0.005,,-0.24638360817577634,0.0,,,,,,,,-0.16417794855555443
2.0,15.0,3.0,25.0,4000.0,4000.0,5.0,3.0,0.04,,-3.7176614376960635,-7.890820882473083,,,,,,,,-5.299213737481295
10.0,50.0,3.0,25.0,4000.0,4000.0,5.0,3.0,0.04,,-8.975306042735925,-7.847528873327136,,,,,,,,-7.653356610075235
2.0,15.0,7.0,150.0,4000.0,250.0,15.0,3.0,0.005,,-3.75735002468059,-2.6267246155767143,,,,,,,,-4.197141071939446
6.0,50.0,3.0,150.0,4000.0,250.0,15.0,3.0,0.005,,-9.76372654885099,-8.844627777396662,,,,,,,,-7.68085837859272
6.0,15.0,7.0,150.0,250.0,4000.0,15.0,0.5,0.04,,-0.7292349824163873,-1.1251909267966271,,,,,,,,-1.8210377464593308
2.0,15.0,3.0,150.0,250.0,4000.0,5.0,0.5,0.005,,0.0,0.0,,,,,,,,0.0
10.0,50.0,7.0,150.0,250.0,4000.0,5.0,3.0,0.005,,-0.24638360817577634,0.0,,,,,,,,-0.16417794855555443
10.0,35.0,7.0,25.0,250.0,4000.0,5.0,0.5,0.005,,-0.24638360817577634,-0.16946610423075564,,,,,,,,-0.3805542482286832
10.0,15.0,3.0,150.0,4000.0,250.0,15.0,3.0,0.04,,-7.998295788997557,-5.733628646907437,,,,,,,,-4.934586057342993
2.0,35.0,10.0,150.0,250.0,4000.0,5.0,0.5,0.005,,0.0,0.0,,,,,,,,0.0
2.0,50.0,7.0,25.0,250.0,4000.0,15.0,0.5,0.04,,-2.8534536836542155,-1.0557741385838755,,,,,,,,-2.9110152206251283
2.0,50.0,10.0,150.0,4000.0,4000.0,15.0,0.5,0.005,,0.0,0.0,,,,,,,,0.0
6.0,15.0,7.0,25.0,4000.0,4000.0,5.0,0.5,0.04,,-5.63115404686295,-4.871428065343028,,,,,,,,-5.167962633270347
2.0,50.0,3.0,25.0,250.0,250.0,5.0,3.0,0.04,,-0.8519090131105558,-1.625929706826646,,,,,,,,-1.6568215188695317
6.0,35.0,10.0,150.0,250.0,250.0,5.0,3.0,0.04,,-0.18611521841825152,-0.26677691032228035,,,,,,,,-0.7277226010835307
6.0,15.0,7.0,25.0,4000.0,4000.0,15.0,0.5,0.005,,-3.75735002468059,-2.6267246155767143,,,,,,,,-3.414659936421637
6.0,35.0,7.0,150.0,4000.0,250.0,15.0,3.0,0.005,,-3.75735002468059,-2.6267246155767143,,,,,,,,-4.197141071939446
10.0,50.0,3.0,25.0,250.0,250.0,5.0,0.5,0.005,,-4.233523267402616,-2.786224142012362,,,,,,,,-2.4160478962523206
6.0,35.0,3.0,25.0,4000.0,250.0,5.0,0.5,0.04,,-7.764513089028444,-8.857458645985352,,,,,,,,-6.526202987159158
2.0,35.0,7.0,150.0,250.0,250.0,5.0,3.0,0.005,,-0.24638360817577634,0.0,,,,,,,,-0.16417794855555443
6.0,15.0,7.0,25.0,250.0,250.0,5.0,3.0,0.005,,-0.02432120411922223,-0.0379594365955139,,,,,,,,-0.00860066349625675
10.0,35.0,10.0,25.0,250.0,250.0,5.0,0.5,0.04,,-0.6125818141510463,-1.253584252956502,,,,,,,,-2.129271016937669
10.0,35.0,7.0,25.0,4000.0,4000.0,15.0,0.5,0.04,,-11.719679098604457,-2.1761644398368714,,,,,,,,-5.331742364372709
10.0,35.0,7.0,25.0,250.0,4000.0,15.0,0.5,0.005,,-0.24638360817577634,-0.16946610423075564,,,,,,,,-0.4217002158238173
10.0,35.0,7.0,25.0,250.0,4000.0,15.0,0.5,0.04,,-2.153184730164206,-1.1435560299948615,,,,,,,,-2.7438737140218303
6.0,50.0,10.0,25.0,4000.0,250.0,15.0,3.0,0.005,,0.0,0.0,,,,,,,,0.0
2.0,15.0,3.0,150.0,250.0,4000.0,5.0,3.0,0.04,,0.0,0.0,,,,,,,,0.0
2.0,35.0,10.0,25.0,250.0,250.0,15.0,0.5,0.04,,-0.5005937718215717,-0.8453382389427093,,,,,,,,-2.1966442759457894
6.0,35.0,7.0,25.0,4000.0,250.0,15.0,3.0,0.04,,-7.687255658767647,-1.5502319821738704,,,,,,,,-4.065631307609111
6.0,50.0,7.0,25.0,250.0,4000.0,5.0,0.5,0.005,,-0.24638360817577634,-0.16946610423075564,,,,,,,,-0.3805542482286832
10.0,50.0,10.0,150.0,4000.0,4000.0,5.0,0.5,0.04,,-2.845731474976127,-6.621913702446172,,,,,,,,-5.133063053382623
10.0,50.0,7.0,150.0,4000.0,250.0,5.0,3.0,0.04,,-3.9056899472066844,-6.459953570001152,,,,,,,,-6.113492727181917
10.0,15.0,7.0,150.0,4000.0,4000.0,15.0,0.5,0.005,,-3.75735002468059,-2.6267246155767143,,,,,,,,-2.816803748323259
10.0,15.0,7.0,150.0,4000.0,250.0,5.0,0.5,0.005,,-3.75735002468059,0.0,,,,,,,,-1.7149106864453993
10.0,50.0,10.0,25.0,4000.0,250.0,15.0,0.5,0.04,,-7.990363374252137,-8.54442428516975,,,,,,,,-4.61584037486857
10.0,35.0,7.0,25.0,4000.0,250.0,15.0,0.5,0.04,,-11.719679098604457,-2.1761644398368714,,,,,,,,-5.331742364372709
10.0,35.0,7.0,150.0,250.0,250.0,15.0,0.5,0.005,,-0.24638360817577634,-0.16946610423075564,,,,,,,,-0.3805542482286832
2.0,35.0,10.0,150.0,250.0,250.0,5.0,3.0,0.04,,-0.18611521841825152,-0.26677691032228035,,,,,,,,-0.642006795195844
6.0,15.0,10.0,25.0,4000.0,4000.0,15.0,3.0,0.005,,0.0,0.0,,,,,,,,0.0
10.0,50.0,3.0,150.0,4000.0,250.0,15.0,0.5,0.04,,-9.76372654885099,-8.204404441037036,,,,,,,,-8.175773122983825
10.0,15.0,3.0,150.0,4000.0,4000.0,5.0,3.0,0.04,,0.0,0.0,,,,,,,,0.0
2.0,50.0,10.0,25.0,250.0,4000.0,5.0,3.0,0.005,,0.0,0.0,,,,,,,,0.0
10.0,35.0,3.0,150.0,250.0,4000.0,5.0,3.0,0.04,,0.0,0.0,,,,,,,,0.0
2.0,15.0,10.0,25.0,4000.0,4000.0,15.0,0.5,0.04,,-1.406978164116504,-4.483410165988827,,,,,,,,-4.286706220882882
6.0,15.0,3.0,25.0,250.0,250.0,15.0,0.5,0.005,,-2.6732503252683646,-2.9462238539242325,,,,,,,,-3.039432604424246
2.0,50.0,3.0,25.0,250.0,250.0,5.0,3.0,0.005,,-0.8519090131105558,-1.625929706826646,,,,,,,,-1.6568215188695317
6.0,15.0,3.0,25.0,4000.0,250.0,5.0,3.0,0.04,,-7.53160376151224,-8.164284488064702,,,,,,,,-4.870851816056693
2.0,35.0,3.0,150.0,4000.0,4000.0,15.0,3.0,0.04,,-7.71454795873707,-6.625210452397565,,,,,,,,-6.534356693430105
2.0,15.0,3.0,150.0,4000.0,250.0,5.0,0.5,0.04,,0.0,0.0,,,,,,,,0.0
10.0,15.0,7.0,150.0,4000.0,4000.0,15.0,3.0,0.04,,-5.734540862145169,-3.1203579097327756,,,,,,,,-5.213574683115821
10.0,15.0,3.0,25.0,4000.0,4000.0,15.0,0.5,0.04,,-8.06703860411477,-8.957140685809048,,,,,,,,-5.598883885867767
10.0,35.0,7.0,25.0,4000.0,4000.0,5.0,0.5,0.04,,-11.049607734113891,-3.0409866402875334,,,,,,,,-5.863184748267399
10.0,50.0,7.0,25.0,4000.0,250.0,5.0,3.0,0.005,,-0.02432120411922223,-0.0379594365955139,,,,,,,,-0.014881102346664923
6.0,15.0,7.0,25.0,250.0,4000.0,5.0,0.5,0.005,,-0.24638360817577634,-0.16946610423075564,,,,,,,,-0.2056735942819949
2.0,15.0,3.0,25.0,4000.0,4000.0,5.0,0.5,0.04,,-9.466790817105432,-8.216186753385028,,,,,,,,-6.469606732276764
10.0,15.0,7.0,150.0,4000.0,250.0,5.0,0.5,0.04,,-3.9056899472066844,-7.391964911909309,,,,,,,,-5.770838019479335
10.0,50.0,3.0,25.0,250.0,250.0,15.0,3.0,0.005,,-4.727604508578805,-4.5230121006014645,,,,,,,,-4.804499843319323
2.0,50.0,3.0,25.0,4000.0,4000.0,5.0,3.0,0.04,,-8.531046869473204,-8.233428249779758,,,,,,,,-6.356851325445123
10.0,15.0,3.0,25.0,250.0,4000.0,5.0,0.5,0.04,,-2.485240816204122,-1.8219338879445246,,,,,,,,-1.614284152590437
2.0,35.0,7.0,25.0,4000.0,250.0,15.0,3.0,0.04,,-7.743415026577129,-1.5502319821738704,,,,,,,,-4.094693080236052
10.0,35.0,3.0,150.0,4000.0,250.0,15.0,0.5,0.005,,-8.523466297606445,-8.328512472812172,,,,,,,,-7.14823940129884
10.0,50.0,10.0,25.0,4000.0,250.0,5.0,3.0,0.005,,0.0,0.0,,,,,,,,0.0
2.0,50.0,7.0,25.0,250.0,4000.0,15.0,3.0,0.005,,-0.3708983628181377,-0.5883712672304664,,,,,,,,-0.15947215382265223
6.0,50.0,7.0,150.0,250.0,4000.0,5.0,0.5,0.04,,-0.2498122094348335,-0.7750405005324774,,,,,,,,-1.0837989981897067
2.0,50.0,3.0,25.0,4000.0,250.0,5.0,3.0,0.04,,-9.919425061383315,-8.465292080984081,,,,,,,,-6.563129413864263
10.0,35.0,3.0,25.0,250.0,4000.0,5.0,0.5,0.04,,-3.195996244426892,-3.3974645791516997,,,,,,,,-2.8377388083617268
2.0,35.0,3.0,150.0,250.0,250.0,15.0,0.5,0.04,,-1.715460591703363,-3.08780297137566,,,,,,,,-2.9960950258636485
10.0,15.0,3.0,25.0,250.0,4000.0,5.0,0.5,0.005,,-2.485240816204122,-1.8219338879445246,,,,,,,,-1.614284152590437
2.0,35.0,3.0,25.0,250.0,4000.0,15.0,3.0,0.005,,-2.060238969633353,-1.5303234979732478,,,,,,,,-2.618822949993837
6.0,35.0,7.0,150.0,4000.0,250.0,15.0,0.5,0.04,,-10.65385425903698,-2.8328717190813544,,,,,,,,-5.139872579225012
6.0,50.0,3.0,25.0,250.0,250.0,15.0,0.5,0.04,,-6.282487599887485,-5.367871413957913,,,,,,,,-5.077463588985333
10.0,15.0,3.0,150.0,4000.0,250.0,15.0,3.0,0.005,,-7.998295788997557,-5.733628646907437,,,,,,,,-4.934586057342993
2.0,15.0,7.0,150.0,250.0,4000.0,15.0,0.5,0.005,,-0.24638360817577634,-0.16946610423075564,,,,,,,,-0.29733225645284683
10.0,15.0,3.0,25.0,250.0,4000.0,15.0,3.0,0.005,,-1.5967692152052717,-8.3549045290105,,,,,,,,-5.790988364229734
2.0,35.0,10.0,150.0,4000.0,4000.0,15.0,3.0,0.005,,0.0,0.0,,,,,,,,0.0
2.0,35.0,10.0,150.0,4000.0,4000.0,5.0,0.5,0.04,,-2.845731474976127,-6.621913702446172,,,,,,,,-5.133063053382623
2.0,35.0,7.0,150.0,4000.0,250.0,5.0,0.5,0.04,,-3.0985577343311466,-6.459953570001152,,,,,,,,-5.394196711768846
10.0,50.0,10.0,150.0,250.0,4000.0,15.0,0.5,0.04,,-0.8284141754192126,-1.2622034024932853,,,,,,,,-2.1690892634858843
6.0,50.0,10.0,150.0,4000.0,250.0,5.0,0.5,0.005,,0.0,0.0,,,,,,,,0.0
10.0,35.0,3.0,25.0,4000.0,250.0,5.0,0.5,0.005,,-7.942382614329079,-10.344741964538441,,,,,,,,-8.126243622255249
6.0,50.0,3.0,25.0,250.0,250.0,5.0,0.5,0.04,,-4.233523267402616,-2.580410069785195,,,,,,,,-2.4263382107304428
6.0,50.0,10.0,25.0,250.0,250.0,5.0,0.5,0.04,,-0.8753568000916296,-1.1518064236474732,,,,,,,,-2.2478055376994814
2.0,15.0,7.0,25.0,4000.0,250.0,5.0,0.5,0.04,,-5.63115404686295,-4.871428065343028,,,,,,,,-5.561223679228444
2.0,50.0,7.0,25.0,4000.0,4000.0,5.0,0.5,0.005,,-3.75735002468059,-2.6267246155767143,,,,,,,,-4.197141071939446
2.0,15.0,7.0,25.0,250.0,250.0,15.0,0.5,0.04,,-0.946144376999029,-1.8815537287708701,,,,,,,,-2.322675699997417
6.0,15.0,10.0,25.0,250.0,4000.0,15.0,0.5,0.005,,0.0,0.0,,,,,,,,0.0
10.0,35.0,3.0,25.0,4000.0,4000.0,5.0,3.0,0.04,,-8.768074003042177,-6.216011134702571,,,,,,,,-6.613427859878385
2.0,50.0,3.0,25.0,250.0,4000.0,15.0,3.0,0.005,,-2.2880913239060825,-7.324084997521448,,,,,,,,-4.7484111223346375
6.0,15.0,10.0,150.0,250.0,4000.0,15.0,0.5,0.04,,-0.12360289021599,-1.4193816939950952,,,,,,,,-1.6155831192645593
10.0,35.0,10.0,25.0,4000.0,4000.0,15.0,0.5,0.005,,0.0,0.0,,,,,,,,0.0
6.0,50.0,10.0,150.0,250.0,250.0,5.0,3.0,0.005,,0.0,0.0,,,,,,,,0.0
10.0,35.0,3.0,150.0,250.0,4000.0,15.0,3.0,0.005,,-1.9279074991807201,-3.98033122011441,,,,,,,,-3.2319107408030505
10.0,15.0,3.0,25.0,4000.0,250.0,5.0,0.5,0.005,,-8.872717295889721,-8.456068342395866,,,,,,,,-4.857689510096007
2.0,35.0,7.0,25.0,250.0,4000.0,15.0,3.0,0.005,,-0.3708983628181377,-0.5883712672304664,,,,,,,,-0.15947215382265223
10.0,50.0,7.0,25.0,250.0,250.0,15.0,3.0,0.04,,-0.07984536514545237,-0.6649612572248604,,,,,,,,-0.5440858261578689
2.0,50.0,7.0,150.0,250.0,4000.0,5.0,3.0,0.005,,-0.24638360817577634,0.0,,,,,,,,-0.16417794855555443
2.0,15.0,7.0,25.0,4000.0,250.0,5.0,3.0,0.04,,-4.750952211209913,-0.7073146342708045,,,,,,,,-2.4271984711497034
6.0,50.0,7.0,150.0,4000.0,250.0,5.0,0.5,0.005,,-3.75735002468059,0.0,,,,,,,,-2.41777605394585
2.0,50.0,10.0,150.0,4000.0,4000.0,15.0,0.5,0.04,,-8.20746883527001,-5.789258263888889,,,,,,,,-5.635977793604103
6.0,35.0,3.0,150.0,250.0,4000.0,15.0,0.5,0.005,,-1.858445066176619,-3.0842013056878272,,,,,,,,-2.9463612290188137
2.0,15.0,7.0,25.0,250.0,250.0,5.0,3.0,0.005,,-0.02432120411922223,-0.0379594365955139,,,,,,,,-0.00954037919987293
10.0,15.0,3.0,150.0,4000.0,4000.0,15.0,3.0,0.04,,-7.998295788997557,-5.733628646907437,,,,,,,,-4.934586057342993
6.0,35.0,10.0,150.0,250.0,4000.0,15.0,3.0,0.005,,0.0,0.0,,,,,,,,0.0
2.0,50.0,10.0,150.0,250.0,4000.0,5.0,0.5,0.005,,0.0,0.0,,,,,,,,0.0
6.0,50.0,10.0,150.0,250.0,4000.0,5.0,3.0,0.04,,-0.1863649678616708,-1.2861917678580912,,,,,,,,-0.6165473415331086
6.0,50.0,10.0,150.0,4000.0,4000.0,5.0,3.0,0.04,,-2.8065634035126936,-3.1818617599341534,,,,,,,,-4.1744537747495425
6.0,15.0,3.0,150.0,250.0,4000.0,15.0,0.5,0.04,,-1.3699945579742394,-1.423064597114964,,,,,,,,-1.7042207009037866
10.0,50.0,3.0,150.0,250.0,250.0,15.0,3.0,0.04,,-2.011408962777409,-3.9665112792793638,,,,,,,,-3.1111547568883524
10.0,15.0,10.0,150.0,4000.0,250.0,15.0,0.5,0.005,,0.0,0.0,,,,,,,,0.0
6.0,35.0,10.0,150.0,250.0,4000.0,5.0,0.5,0.04,,-0.19312686281009428,-0.9121017786761864,,,,,,,,-1.4867838397627158
2.0,35.0,7.0,150.0,250.0,250.0,5.0,0.5,0.005,,-0.24638360817577634,0.0,,,,,,,,-0.16417794855555443
10.0,50.0,3.0,150.0,4000.0,4000.0,5.0,3.0,0.04,,0.0,0.0,,,,,,,,0.0
10.0,15.0,10.0,25.0,4000.0,250.0,5.0,3.0,0.005,,0.0,0.0,,,,,,,,0.0
2.0,35.0,10.0,25.0,250.0,4000.0,15.0,3.0,0.005,,0.0,0.0,,,,,,,,0.0
6.0,35.0,3.0,150.0,250.0,4000.0,15.0,0.5,0.04,,-1.858445066176619,-3.0842013056878272,,,,,,,,-2.9463612290188137
6.0,15.0,3.0,25.0,4000.0,250.0,5.0,0.5,0.005,,-9.630116415027146,-6.68281991718358,,,,,,,,-5.941840750989277
6.0,15.0,3.0,150.0,4000.0,250.0,15.0,0.5,0.04,,-5.865425982702326,-4.94116240950438,,,,,,,,-4.718458839498572
6.0,15.0,10.0,150.0,250.0,250.0,5.0,0.5,0.005,,0.0,0.0,,,,,,,,0.0
6.0,50.0,3.0,25.0,250.0,4000.0,15.0,3.0,0.005,,-2.422222147219464,-1.191391783284977,,,,,,,,-5.153052576209315
2.0,50.0,10.0,25.0,250.0,4000.0,15.0,0.5,0.005,,0.0,0.0,,,,,,,,0.0
2.0,50.0,7.0,25.0,4000.0,4000.0,5.0,3.0,0.005,,-0.3708983628181377,-0.5883712672304664,,,,,,,,-0.17461625509504955
10.0,50.0,3.0,25.0,4000.0,250.0,15.0,3.0,0.04,,-12.452824551035906,-11.464311091524515,,,,,,,,-7.368559502982899
2.0,35.0,7.0,25.0,4000.0,4000.0,5.0,3.0,0.005,,-0.3708983628181377,-0.5883712672304664,,,,,,,,-0.17461625509504955
6.0,35.0,3.0,150.0,250.0,250.0,15.0,3.0,0.005,,-1.858445066176619,-3.0842013056878272,,,,,,,,-2.9463612290188137
10.0,35.0,7.0,150.0,4000.0,250.0,5.0,0.5,0.005,,-3.75735002468059,0.0,,,,,,,,-2.41777605394585
10.0,15.0,7.0,25.0,4000.0,4000.0,15.0,0.5,0.04,,-8.032455429084635,-3.003909173540676,,,,,,,,-6.074770181141597
2.0,35.0,10.0,150.0,4000.0,250.0,15.0,0.5,0.005,,0.0,0.0,,,,,,,,0.0
2.0,35.0,7.0,150.0,250.0,250.0,5.0,3.0,0.04,,-0.1999538267006236,-0.7750405005324774,,,,,,,,-1.3422365996073125
6.0,50.0,7.0,150.0,4000.0,250.0,15.0,0.5,0.005,,-3.75735002468059,-2.6267246155767143,,,,,,,,-4.382415686500957
6.0,15.0,10.0,25.0,250.0,4000.0,5.0,3.0,0.005,,0.0,0.0,,,,,,,,0.0
6.0,15.0,10.0,25.0,4000.0,4000.0,5.0,3.0,0.005,,0.0,0.0,,,,,,,,0.0
10.0,15.0,3.0,150.0,250.0,250.0,15.0,3.0,0.04,,-1.5324000065508736,-1.58933069881552,,,,,,,,-1.7770845396007164
10.0,50.0,7.0,25.0,4000.0,250.0,15.0,0.5,0.005,,-3.75735002468059,-2.6267246155767143,,,,,,,,-4.242934601865332
10.0,15.0,7.0,150.0,250.0,250.0,5.0,0.5,0.04,,-0.2498122094348335,-0.6351306290500649,,,,,,,,-1.0029205365972231
10.0,35.0,7.0,25.0,4000.0,4000.0,15.0,3.0,0.04,,-7.439543951047913,-4.357218542844064,,,,,,,,-4.40941138113008
6.0,15.0,7.0,150.0,4000.0,250.0,5.0,0.5,0.005,,-3.75735002468059,0.0,,,,,,,,-2.41777605394585
6.0,15.0,7.0,25.0,250.0,4000.0,15.0,3.0,0.005,,-0.3708983628181377,-0.5883712672304664,,,,,,,,-0.17210312470476147
6.0,50.0,3.0,25.0,250.0,4000.0,15.0,3.0,0.04,,-2.422222147219464,-1.191391783284977,,,,,,,,-5.153052576209315
6.0,15.0,7.0,25.0,250.0,250.0,5.0,0.5,0.005,,-0.24638360817577634,-0.16946610423075564,,,,,,,,-0.2056735942819949
2.0,15.0,7.0,150.0,250.0,250.0,15.0,3.0,0.04,,-0.765586055973599,-1.214421049144796,,,,,,,,-1.885202550517621
10.0,50.0,7.0,25.0,4000.0,4000.0,5.0,3.0,0.04,,0.4467204304267245,-2.0881018981511845,,,,,,,,-1.7888078603805542
2.0,35.0,3.0,150.0,250.0,250.0,15.0,3.0,0.04,,-1.715460591703363,-3.08780297137566,,,,,,,,-2.9960950258636485
10.0,35.0,10.0,150.0,4000.0,250.0,5.0,3.0,0.005,,0.0,0.0,,,,,,,,0.0
6.0,50.0,3.0,150.0,250.0,250.0,15.0,3.0,0.005,,-2.011408962777409,-3.736822674953045,,,,,,,,-3.104107988647683
2.0,50.0,7.0,150.0,4000.0,4000.0,15.0,3.0,0.04,,-11.25305351384559,-3.2197926454683907,,,,,,,,-5.246346420137663
10.0,35.0,10.0,25.0,250.0,4000.0,15.0,0.5,0.04,,-0.8005239777010257,-1.0226961622865138,,,,,,,,-2.1401643896862654
2.0,35.0,3.0,150.0,250.0,4000.0,5.0,0.5,0.005,,0.0,0.0,,,,,,,,0.0
10.0,15.0,3.0,25.0,4000.0,250.0,5.0,3.0,0.04,,-9.326208270898764,-8.337233148269412,,,,,,,,-6.029905075353215
10.0,50.0,10.0,150.0,250.0,4000.0,5.0,0.5,0.005,,0.0,0.0,,,,,,,,0.0
2.0,15.0,10.0,25.0,250.0,250.0,15.0,3.0,0.04,,-0.5702755324421607,-0.31383969630346176,,,,,,,,-0.21304707327179964
10.0,15.0,10.0,25.0,250.0,250.0,15.0,0.5,0.04,,-0.18988502567453416,-1.4707407697038484,,,,,,,,-1.9493543361562675
10.0,15.0,10.0,150.0,4000.0,4000.0,15.0,3.0,0.005,,0.0,0.0,,,,,,,,0.0
10.0,35.0,7.0,150.0,4000.0,4000.0,15.0,3.0,0.005,,-3.75735002468059,-2.6267246155767143,,,,,,,,-4.382415686500957
10.0,35.0,3.0,150.0,250.0,4000.0,5.0,0.5,0.04,,0.0,0.0,,,,,,,,0.0
2.0,35.0,3.0,25.0,250.0,250.0,15.0,3.0,0.005,,-2.614312573151566,-2.9409110094259665,,,,,,,,-3.5090798101943874
10.0,50.0,7.0,25.0,250.0,4000.0,15.0,0.5,0.04,,-3.3836046935121376,-1.3023543642667912,,,,,,,,-3.0880420754953954
2.0,15.0,10.0,25.0,4000.0,4000.0,15.0,3.0,0.005,,0.0,0.0,,,,,,,,0.0
2.0,35.0,3.0,150.0,250.0,4000.0,5.0,0.5,0.04,,0.0,0.0,,,,,,,,0.0
2.0,50.0,3.0,150.0,4000.0,250.0,15.0,0.5,0.005,,-8.724168227015902,-8.152910298764828,,,,,,,,-6.590322112167075
10.0,35.0,7.0,25.0,4000.0,250.0,15.0,3.0,0.04,,-9.971519194884099,-3.827340877825577,,,,,,,,-4.489480766399848
6.0,35.0,10.0,25.0,4000.0,250.0,15.0,0.5,0.005,,0.0,0.0,,,,,,,,0.0
10.0,15.0,3.0,25.0,250.0,250.0,5.0,0.5,0.005,,-2.485240816204122,-1.8219338879445246,,,,,,,,-1.614284152590437
10.0,50.0,10.0,25.0,250.0,250.0,15.0,3.0,0.005,,0.0,0.0,,,,,,,,0.0
2.0,15.0,10.0,25.0,250.0,4000.0,15.0,3.0,0.04,,-5.209115708006946,-3.700713195656883,,,,,,,,-2.588007609813902
6.0,35.0,3.0,25.0,4000.0,250.0,15.0,0.5,0.04,,-7.889344639115124,-7.9601607092028175,,,,,,,,-6.008737049428385
2.0,50.0,10.0,150.0,4000.0,250.0,5.0,0.5,0.04,,-2.845731474976127,-6.621913702446172,,,,,,,,-5.133063053382623
6.0,15.0,3.0,150.0,250.0,250.0,15.0,3.0,0.005,,-1.3699945579742394,-1.423064597114964,,,,,,,,-1.7042207009037866
2.0,35.0,7.0,25.0,4000.0,4000.0,15.0,0.5,0.005,,-3.75735002468059,-2.6267246155767143,,,,,,,,-4.242934601865332
6.0,15.0,10.0,150.0,250.0,4000.0,5.0,0.5,0.04,,-0.19312686281009428,-1.0431959692382535,,,,,,,,-1.3777686319164038
10.0,35.0,10.0,150.0,4000.0,250.0,5.0,0.5,0.005,,0.0,0.0,,,,,,,,0.0
2.0,50.0,10.0,25.0,250.0,4000.0,5.0,0.5,0.005,,0.0,0.0,,,,,,,,0.0
2.0,50.0,10.0,25.0,4000.0,250.0,15.0,3.0,0.04,,-5.985355213106853,-2.59090568315658,,,,,,,,-3.625354725505421
2.0,15.0,3.0,25.0,250.0,250.0,15.0,3.0,0.04,,-1.5859175727008903,-2.8821180605515577,,,,,,,,-2.7660681669258214
6.0,15.0,3.0,150.0,250.0,250.0,5.0,0.5,0.005,,0.0,0.0,,,,,,,,0.0
10.0,35.0,3.0,150.0,250.0,250.0,15.0,0.5,0.005,,-1.9279074991807201,-3.98033122011441,,,,,,,,-3.2319107408030505
2.0,15.0,3.0,150.0,250.0,4000.0,15.0,0.5,0.005,,-1.5330035707451501,-1.9436213177635466,,,,,,,,-2.413069468617358
10.0,15.0,3.0,25.0,4000.0,4000.0,15.0,3.0,0.04,,-8.906315719919945,-11.23603268208363,,,,,,,,-6.884204740108129
6.0,35.0,7.0,150.0,250.0,250.0,5.0,3.0,0.04,,-0.2498122094348335,-0.7750405005324774,,,,,,,,-1.241505065044631
2.0,50.0,3.0,150.0,250.0,250.0,5.0,0.5,0.005,,0.0,0.0,,,,,,,,0.0
6.0,35.0,7.0,150.0,4000.0,4000.0,15.0,0.5,0.005,,-3.75735002468059,-2.6267246155767143,,,,,,,,-4.197141071939446
10.0,35.0,10.0,150.0,4000.0,4000.0,15.0,3.0,0.04,,-8.793425573387045,-6.672262458677723,,,,,,,,-4.7775817389244795
10.0,35.0,3.0,25.0,4000.0,250.0,15.0,3.0,0.04,,-10.921933749050321,-9.576577924976604,,,,,,,,-6.959293251231169
6.0,35.0,7.0,150.0,250.0,250.0,15.0,0.5,0.005,,-0.24638360817577634,-0.16946610423075564,,,,,,,,-0.29733225645284683
6.0,15.0,3.0,25.0,4000.0,250.0,15.0,3.0,0.04,,-4.82250777990727,-4.443219350044079,,,,,,,,-4.811801059581791
6.0,15.0,10.0,25.0,250.0,4000.0,5.0,3.0,0.04,,-5.214668910416697,-3.700713195656883,,,,,,,,-2.656011661694359
6.0,35.0,3.0,25.0,250.0,4000.0,5.0,3.0,0.04,,-1.6827648030150408,-1.5719847573541361,,,,,,,,-3.1800532998187743
